44587
5423
7776
3971
4991
4487
11530
4542
4792
5416
4945
5086
4514
5003
4692
4240
6719
4983
5367
5355
2817
4995
4961
4999
4867
4995
7085
5161
4157
5020
5632
4888
4831
4838
5922
5412
7979
5720
4824
4841
5156
2723
3600
4985
4802
5014
4732
5376
5253
4771
4925
4749
5072
4853
4994
2460
2424
4645
2713
3485
3481
2369
2302
2302
2569
2457
2408
2273
2351
2956
4547
2703
2497
2540
2443
2352
2510
2403
2346
2230
2319
2292
2377
2523
2777
2458
2298
2485
2361
2378
2439
2377
2287
2306
2343
6136
11302
2704
2394
3318
