44171
6431
6293
6344
6180
5295
6360
6809
6280
4751
6222
5977
5420
2983
3727
4417
5515
5132
4769
5197
5196
3778
2881
3113
3862
5267
3718
5596
5140
5191
4931
4878
5691
5192
5086
4892
4558
4305
5190
5326
5289
5335
3521
3493
4169
5172
5141
5281
5661
5168
5215
3860
4976
2872
4041
5633
9635
5362
7111
3998
3828
2304
2556
2461
2442
4769
5327
3431
3688
5145
5105
4904
4971
5120
5095
4581
4553
4133
5300
6427
5219
4687
3388
4312
4016
5224
5100
5149
5127
6831
5357
5065
4994
5056
4155
4132
3525
4375
4315
6905
