42470
4514
3921
5496
5535
5391
5654
5349
6280
5793
5506
5443
4551
5619
5540
4288
5560
5464
5751
5290
5230
5518
6733
5419
5710
5752
6240
10040
4624
4854
5230
5211
5177
4319
4103
5125
5213
5372
5503
5058
5095
5131
4164
5274
4816
4016
4343
7093
4462
4175
5057
5028
5070
5087
3636
5036
4543
6801
5307
3221
5300
5357
5237
3642
5701
4297
5177
5185
5434
6434
5021
5099
5126
5051
6583
5104
5131
4833
5580
3209
3852
4977
4938
5014
2508
3675
6157
27915
4887
4187
5091
4174
3516
4954
5108
6152
5826
3906
2714
3451
